#Top: top   Floorplan: design_1   Part: xc7a200tsbg484-1
#Generated by: travis   on: Sat Dec 30 18:22:18 2017
#Build: Vivado v2017.3   by: xbuild   on: Wed Oct  4 19:58:07 MDT 2017
#Package Version: FINAL 2012-06-12
#Package Pin Delay Version: VERS. 2.0 2012-06-12

IO Bank,Pin Number,Site,Site Type,Min Trace Delay (ps),Max Trace Delay (ps),Prohibit,Interface,Signal Name,Direction,DiffPair Type,DiffPair Signal,IO Standard,Drive (mA),Slew Rate,OUTPUT_IMPEDANCE,PRE_EMPHASIS,LVDS_PRE_EMPHASIS,EQUALIZATION,Pull Type,DQS_BIAS,IN_TERM,DIFF_TERM,OFFCHIP_TERM,Board Signal,Board Voltage
35,P6,IOB_X1Y152,IO_L24P_T3_35,57.949,58.532,,,ddram_a[14],OUT,,,SSTL15,,FAST,,,,,,,,,FP_VTT_50,,
35,P2,IOB_X1Y156,IO_L22P_T3_35,68.510,69.198,,,ddram_a[13],OUT,,,SSTL15,,FAST,,,,,,,,,FP_VTT_50,,
35,N4,IOB_X1Y162,IO_L19P_T3_35,86.581,87.451,,,ddram_a[12],OUT,,,SSTL15,,FAST,,,,,,,,,FP_VTT_50,,
35,N5,IOB_X1Y151,IO_L24N_T3_35,59.574,60.173,,,ddram_a[11],OUT,,,SSTL15,,FAST,,,,,,,,,FP_VTT_50,,
35,L5,IOB_X1Y164,IO_L18P_T2_35,42.651,43.080,,,ddram_a[10],OUT,,,SSTL15,,FAST,,,,,,,,,FP_VTT_50,,
35,R1,IOB_X1Y160,IO_L20P_T3_35,82.712,83.543,,,ddram_a[9],OUT,,,SSTL15,,FAST,,,,,,,,,FP_VTT_50,,
35,M6,IOB_X1Y154,IO_L23P_T3_35,72.398,73.126,,,ddram_a[8],OUT,,,SSTL15,,FAST,,,,,,,,,FP_VTT_50,,
35,N2,IOB_X1Y155,IO_L22N_T3_35,60.757,61.367,,,ddram_a[7],OUT,,,SSTL15,,FAST,,,,,,,,,FP_VTT_50,,
35,N3,IOB_X1Y161,IO_L19N_T3_VREF_35,76.733,77.504,,,ddram_a[6],OUT,,,SSTL15,,FAST,,,,,,,,,FP_VTT_50,,
35,P1,IOB_X1Y159,IO_L20N_T3_35,74.632,75.382,,,ddram_a[5],OUT,,,SSTL15,,FAST,,,,,,,,,FP_VTT_50,,
35,L6,IOB_X1Y150,IO_25_35,34.056,34.398,,,ddram_a[4],OUT,,,SSTL15,,FAST,,,,,,,,,FP_VTT_50,,
35,M1,IOB_X1Y170,IO_L15P_T2_DQS_35,71.434,72.152,,,ddram_a[3],OUT,,,SSTL15,,FAST,,,,,,,,,FP_VTT_50,,
35,M3,IOB_X1Y168,IO_L16P_T2_35,70.974,71.687,,,ddram_a[2],OUT,,,SSTL15,,FAST,,,,,,,,,FP_VTT_50,,
35,M5,IOB_X1Y153,IO_L23N_T3_35,70.283,70.990,,,ddram_a[1],OUT,,,SSTL15,,FAST,,,,,,,,,FP_VTT_50,,
35,M2,IOB_X1Y167,IO_L16N_T2_35,58.329,58.915,,,ddram_a[0],OUT,,,SSTL15,,FAST,,,,,,,,,FP_VTT_50,,
35,L4,IOB_X1Y163,IO_L18N_T2_35,50.516,51.024,,,ddram_ba[2],OUT,,,SSTL15,,FAST,,,,,,,,,FP_VTT_50,,
35,K6,IOB_X1Y166,IO_L17P_T2_35,36.602,36.970,,,ddram_ba[1],OUT,,,SSTL15,,FAST,,,,,,,,,FP_VTT_50,,
35,L3,IOB_X1Y172,IO_L14P_T2_SRCC_35,55.868,56.430,,,ddram_ba[0],OUT,,,SSTL15,,FAST,,,,,,,,,FP_VTT_50,,
35,F1,IOB_X1Y189,IO_L5N_T0_AD13N_35,60.991,61.603,,,ddram_dm[1],OUT,,,SSTL15,,FAST,,,,,,,,,FP_VTT_50,,
35,G3,IOB_X1Y177,IO_L11N_T1_SRCC_35,51.333,51.849,,,ddram_dm[0],OUT,,,SSTL15,,FAST,,,,,,,,,FP_VTT_50,,
35,B1,IOB_X1Y198,IO_L1P_T0_AD4P_35,70.679,71.389,,,ddram_dq[15],INOUT,,,SSTL15,,FAST,,,,,,,UNTUNED_SPLIT_50,,FP_VTT_50,,
35,E2,IOB_X1Y192,IO_L4P_T0_35,61.207,61.822,,,ddram_dq[14],INOUT,,,SSTL15,,FAST,,,,,,,UNTUNED_SPLIT_50,,FP_VTT_50,,
35,A1,IOB_X1Y197,IO_L1N_T0_AD4N_35,80.238,81.045,,,ddram_dq[13],INOUT,,,SSTL15,,FAST,,,,,,,UNTUNED_SPLIT_50,,FP_VTT_50,,
35,C2,IOB_X1Y196,IO_L2P_T0_AD12P_35,64.446,65.094,,,ddram_dq[12],INOUT,,,SSTL15,,FAST,,,,,,,UNTUNED_SPLIT_50,,FP_VTT_50,,
35,D2,IOB_X1Y191,IO_L4N_T0_35,68.054,68.738,,,ddram_dq[11],INOUT,,,SSTL15,,FAST,,,,,,,UNTUNED_SPLIT_50,,FP_VTT_50,,
35,F3,IOB_X1Y188,IO_L6P_T0_35,48.286,48.772,,,ddram_dq[10],INOUT,,,SSTL15,,FAST,,,,,,,UNTUNED_SPLIT_50,,FP_VTT_50,,
35,B2,IOB_X1Y195,IO_L2N_T0_AD12N_35,72.864,73.597,,,ddram_dq[9],INOUT,,,SSTL15,,FAST,,,,,,,UNTUNED_SPLIT_50,,FP_VTT_50,,
35,E3,IOB_X1Y187,IO_L6N_T0_VREF_35,60.108,60.712,,,ddram_dq[8],INOUT,,,SSTL15,,FAST,,,,,,,UNTUNED_SPLIT_50,,FP_VTT_50,,
35,J5,IOB_X1Y180,IO_L10P_T1_AD15P_35,38.295,38.679,,,ddram_dq[7],INOUT,,,SSTL15,,FAST,,,,,,,UNTUNED_SPLIT_50,,FP_VTT_50,,
35,H2,IOB_X1Y184,IO_L8P_T1_AD14P_35,55.730,56.290,,,ddram_dq[6],INOUT,,,SSTL15,,FAST,,,,,,,UNTUNED_SPLIT_50,,FP_VTT_50,,
35,H3,IOB_X1Y178,IO_L11P_T1_SRCC_35,46.890,47.362,,,ddram_dq[5],INOUT,,,SSTL15,,FAST,,,,,,,UNTUNED_SPLIT_50,,FP_VTT_50,,
35,K1,IOB_X1Y186,IO_L7P_T1_AD6P_35,72.619,73.348,,,ddram_dq[4],INOUT,,,SSTL15,,FAST,,,,,,,UNTUNED_SPLIT_50,,FP_VTT_50,,
35,J1,IOB_X1Y185,IO_L7N_T1_AD6N_35,70.650,71.360,,,ddram_dq[3],INOUT,,,SSTL15,,FAST,,,,,,,UNTUNED_SPLIT_50,,FP_VTT_50,,
35,H5,IOB_X1Y179,IO_L10N_T1_AD15N_35,40.358,40.764,,,ddram_dq[2],INOUT,,,SSTL15,,FAST,,,,,,,UNTUNED_SPLIT_50,,FP_VTT_50,,
35,H4,IOB_X1Y176,IO_L12P_T1_MRCC_35,45.040,45.492,,,ddram_dq[1],INOUT,,,SSTL15,,FAST,,,,,,,UNTUNED_SPLIT_50,,FP_VTT_50,,
35,G2,IOB_X1Y183,IO_L8N_T1_AD14N_35,54.877,55.428,,,ddram_dq[0],INOUT,,,SSTL15,,FAST,,,,,,,UNTUNED_SPLIT_50,,FP_VTT_50,,
35,D1,IOB_X1Y193,IO_L3N_T0_DQS_AD5N_35,67.317,67.993,,,ddram_dqs_n[1],OUT,N,ddram_dqs_p[1],DIFF_SSTL15,,FAST,,,,,,,,,FP_VTT_50,,
35,J2,IOB_X1Y181,IO_L9N_T1_DQS_AD7N_35,64.663,65.312,,,ddram_dqs_n[0],OUT,N,ddram_dqs_p[0],DIFF_SSTL15,,FAST,,,,,,,,,FP_VTT_50,,
35,E1,IOB_X1Y194,IO_L3P_T0_DQS_AD5P_35,63.958,64.601,,,ddram_dqs_p[1],OUT,P,ddram_dqs_n[1],DIFF_SSTL15,,FAST,,,,,,,,,FP_VTT_50,,
35,K2,IOB_X1Y182,IO_L9P_T1_DQS_AD7P_35,65.959,66.622,,,ddram_dqs_p[0],OUT,P,ddram_dqs_n[0],DIFF_SSTL15,,FAST,,,,,,,,,FP_VTT_50,,
13,AB11,IOB_X0Y86,IO_L7P_T1_13,115.918,117.084,,,eth_rx_data[3],IN,,,LVCMOS25,,,,,,,,,,,,,
13,AB15,IOB_X0Y91,IO_L4N_T0_13,119.515,120.717,,,eth_rx_data[2],IN,,,LVCMOS25,,,,,,,,,,,,,
13,AA15,IOB_X0Y92,IO_L4P_T0_13,107.950,109.034,,,eth_rx_data[1],IN,,,LVCMOS25,,,,,,,,,,,,,
13,AB16,IOB_X0Y96,IO_L2P_T0_13,111.850,112.974,,,eth_rx_data[0],IN,,,LVCMOS25,,,,,,,,,,,,,
13,Y11,IOB_X0Y78,IO_L11P_T1_SRCC_13,103.639,104.681,,,eth_tx_data[3],OUT,,,LVCMOS25,12,SLOW,,,,,,,,,FP_VTT_50,,
13,W11,IOB_X0Y76,IO_L12P_T1_MRCC_13,107.851,108.935,,,eth_tx_data[2],OUT,,,LVCMOS25,12,SLOW,,,,,,,,,FP_VTT_50,,
13,W12,IOB_X0Y75,IO_L12N_T1_MRCC_13,108.093,109.179,,,eth_tx_data[1],OUT,,,LVCMOS25,12,SLOW,,,,,,,,,FP_VTT_50,,
13,Y12,IOB_X0Y77,IO_L11N_T1_SRCC_13,101.330,102.348,,,eth_tx_data[0],OUT,,,LVCMOS25,12,SLOW,,,,,,,,,FP_VTT_50,,
34,R4,IOB_X1Y124,IO_L13P_T2_MRCC_34,70.505,71.214,,,clk100,IN,,,LVCMOS33,,,,,,,,,,,,,
35,G4,IOB_X1Y175,IO_L12N_T1_MRCC_35,47.401,47.877,,,cpu_reset,IN,,,LVCMOS15,,,,,,,,,,,,,
35,K3,IOB_X1Y171,IO_L14N_T2_SRCC_35,50.202,50.707,,,ddram_cas_n,OUT,,,SSTL15,,FAST,,,,,,,,,FP_VTT_50,,
35,J6,IOB_X1Y165,IO_L17N_T2_35,38.522,38.909,,,ddram_cke,OUT,,,SSTL15,,FAST,,,,,,,,,FP_VTT_50,,
35,P4,IOB_X1Y157,IO_L21N_T3_DQS_35,91.113,92.029,,,ddram_clk_n,OUT,N,ddram_clk_p,DIFF_SSTL15,,FAST,,,,,,,,,FP_VTT_50,,
35,P5,IOB_X1Y158,IO_L21P_T3_DQS_35,93.438,94.377,,,ddram_clk_p,OUT,P,ddram_clk_n,DIFF_SSTL15,,FAST,,,,,,,,,FP_VTT_50,,
35,K4,IOB_X1Y174,IO_L13P_T2_MRCC_35,48.049,48.531,,,ddram_odt,OUT,,,SSTL15,,FAST,,,,,,,,,FP_VTT_50,,
35,J4,IOB_X1Y173,IO_L13N_T2_MRCC_35,44.472,44.919,,,ddram_ras_n,OUT,,,SSTL15,,FAST,,,,,,,,,FP_VTT_50,,
35,G1,IOB_X1Y190,IO_L5P_T0_AD13P_35,57.413,57.990,,,ddram_reset_n,OUT,,,SSTL15,,FAST,,,,,,,,,FP_VTT_50,,
35,L1,IOB_X1Y169,IO_L15N_T2_DQS_35,67.191,67.867,,,ddram_we_n,OUT,,,SSTL15,,FAST,,,,,,,,,FP_VTT_50,,
13,V13,IOB_X0Y74,IO_L13P_T2_MRCC_13,103.791,104.835,,,eth_clocks_rx,IN,,,LVCMOS25,,,,,,,,,,,,,
13,AA14,IOB_X0Y89,IO_L5N_T0_13,107.575,108.657,,,eth_clocks_tx,OUT,,,LVCMOS25,12,SLOW,,,,,,,,,FP_VTT_50,,
13,Y14,IOB_X0Y87,IO_L6N_T0_VREF_13,108.064,109.150,,,eth_int_n,IN,,,LVCMOS25,,,,,,,,,,,,,
13,AA16,IOB_X0Y97,IO_L1N_T0_13,94.711,95.662,,,eth_mdc,OUT,,,LVCMOS25,12,SLOW,,,,,,,,,FP_VTT_50,,
13,Y16,IOB_X0Y98,IO_L1P_T0_13,94.340,95.288,,,eth_mdio,INOUT,,,LVCMOS25,12,SLOW,,,,,,,,,FP_VTT_50,,
34,U7,IOB_X1Y100,IO_25_34,61.753,62.373,,,eth_rst_n,OUT,,,LVCMOS33,12,SLOW,,,,,,,,,FP_VTT_50,,
13,W10,IOB_X0Y79,IO_L10N_T1_13,123.551,124.793,,,eth_rx_ctl,IN,,,LVCMOS25,,,,,,,,,,,,,
13,V10,IOB_X0Y80,IO_L10P_T1_13,130.725,132.039,,,eth_tx_ctl,OUT,,,LVCMOS25,12,SLOW,,,,,,,,,FP_VTT_50,,
14,W22,IOB_X0Y135,IO_L7N_T1_D10_14,104.333,105.381,,,oled_dc,OUT,,,LVCMOS33,12,SLOW,,,,,,,,,FP_VTT_50,,
14,U21,IOB_X0Y141,IO_L4N_T0_D05_14,99.157,100.153,,,oled_res,OUT,,,LVCMOS33,12,SLOW,,,,,,,,,FP_VTT_50,,
14,W21,IOB_X0Y136,IO_L7P_T1_D09_14,93.525,94.465,,,oled_sclk,OUT,,,LVCMOS33,12,SLOW,,,,,,,,,FP_VTT_50,,
14,Y22,IOB_X0Y131,IO_L9N_T1_DQS_D13_14,107.273,108.351,,,oled_sdin,OUT,,,LVCMOS33,12,SLOW,,,,,,,,,FP_VTT_50,,
14,P20,IOB_X0Y149,IO_0_14,101.793,102.817,,,oled_vbat,OUT,,,LVCMOS33,12,SLOW,,,,,,,,,FP_VTT_50,,
14,V22,IOB_X0Y143,IO_L3N_T0_DQS_EMCCLK_14,98.552,99.543,,,oled_vdd,OUT,,,LVCMOS33,12,SLOW,,,,,,,,,FP_VTT_50,,
14,V18,IOB_X0Y122,IO_L14P_T2_SRCC_14,97.520,98.500,,,serial_rx,IN,,,LVCMOS33,,,,,,,,,,,,,
14,AA19,IOB_X0Y120,IO_L15P_T2_DQS_RDWR_B_14,108.602,109.694,,,serial_tx,OUT,,,LVCMOS33,12,SLOW,,,,,,,,,FP_VTT_50,,
14,T19,IOB_X0Y138,IO_L6P_T0_FCS_B_14,96.033,96.998,,,spiflash_1x_cs_n,OUT,,,LVCMOS33,12,SLOW,,,,,,,,,FP_VTT_50,,
14,R21,IOB_X0Y145,IO_L2N_T0_D03_14,83.696,84.537,,,spiflash_1x_hold,OUT,,,LVCMOS33,12,SLOW,,,,,,,,,FP_VTT_50,,
14,R22,IOB_X0Y147,IO_L1N_T0_D01_DIN_14,79.170,79.966,,,spiflash_1x_miso,IN,,,LVCMOS33,,,,,,,,,,,,,
14,P22,IOB_X0Y148,IO_L1P_T0_D00_MOSI_14,70.562,71.272,,,spiflash_1x_mosi,OUT,,,LVCMOS33,12,SLOW,,,,,,,,,FP_VTT_50,,
14,P21,IOB_X0Y146,IO_L2P_T0_D02_14,75.479,76.238,,,spiflash_1x_wp,OUT,,,LVCMOS33,12,SLOW,,,,,,,,,FP_VTT_50,,
16,E22,IOB_X0Y206,IO_L22P_T3_16,65.424,66.082,,,user_sw0,IN,,,LVCMOS25,,,,,,,,,,,,,
0,L10,IPAD_X0Y30,VP_0,62.674,63.304,,,,,,,,,,,,,,,,,,,,
0,M9,IPAD_X0Y31,VN_0,70.885,71.597,,,,,,,,,,,,,,,,,,,,
0,N9,,DXN_0,84.191,85.037,,,,,,,,,,,,,,,,,,,,
0,K10,,VCCADC_0,,,,,,,,,,,,,,,,,,,,,,
0,K9,,GNDADC_0,,,,,,,,,,,,,,,,,,,,,,
0,N10,,DXP_0,74.362,75.110,,,,,,,,,,,,,,,,,,,,
0,L9,,VREFN_0,67.670,68.350,,,,,,,,,,,,,,,,,,,,
0,M10,,VREFP_0,69.760,70.461,,,,,,,,,,,,,,,,,,,,
0,E12,,VCCBATT_0,,,,,,,,,,,,,,,,,,,,,,
0,L12,,CCLK_0,52.639,53.168,,,,,,,,,,,,,,,,,,,,
0,V12,,TCK_0,85.125,85.980,,,,,,,,,,,,,,,,,,,,
0,T13,,TMS_0,68.432,69.120,,,,,,,,,,,,,,,,,,,,
0,U13,,TDO_0,71.585,72.304,,,,,,,,,,,,,,,,,,,,
0,R13,,TDI_0,57.720,58.300,,,,,,,,,,,,,,,,,,,,
0,U12,,INIT_B_0,76.772,77.543,,,,,,,,,,,,,,,,,,,,
0,N12,,PROGRAM_B_0,48.567,49.055,,,,,,,,,,,,,,,,,,,,
0,U8,,CFGBVS_0,86.569,87.439,,,,,,,,,,,,,,,,,,,CFGBVS_0,
0,G11,,DONE_0,110.363,111.473,,,,,,,,,,,,,,,,,,,,
0,U9,,M2_0,81.192,82.008,,,,,,,,,,,,,,,,,,,,
0,U11,,M0_0,73.769,74.510,,,,,,,,,,,,,,,,,,,,
0,U10,,M1_0,75.677,76.437,,,,,,,,,,,,,,,,,,,,
0,T12,,VCCO_0,,,,,,,,,,,,,,,,,,,,,VCCO_0,
0,F12,,VCCO_0,,,,,,,,,,,,,,,,,,,,,VCCO_0,
13,Y17,IOB_X0Y99,IO_0_13,107.778,108.862,,,,,,,,,,,,,,,,,,,,
13,AB17,IOB_X0Y95,IO_L2N_T0_13,112.582,113.714,,,,,,,,,,,,,,,,,,,,
13,AA13,IOB_X0Y94,IO_L3P_T0_DQS_13,113.595,114.737,,,,,,,,,,,,,,,,,,,,
13,AB13,IOB_X0Y93,IO_L3N_T0_DQS_13,116.078,117.244,,,,,,,,,,,,,,,,,,,,
13,Y13,IOB_X0Y90,IO_L5P_T0_13,118.744,119.938,,,,,,,,,,,,,,,,,,,,
13,W14,IOB_X0Y88,IO_L6P_T0_13,111.578,112.700,,,,,,,,,,,,,,,,,,,,
13,AB12,IOB_X0Y85,IO_L7N_T1_13,114.418,115.568,,,,,,,,,,,,,,,,,,,,
13,AA9,IOB_X0Y84,IO_L8P_T1_13,137.042,138.420,,,,,,,,,,,,,,,,,,,,
13,AB10,IOB_X0Y83,IO_L8N_T1_13,134.692,136.046,,,,,,,,,,,,,,,,,,,,
13,AA10,IOB_X0Y82,IO_L9P_T1_DQS_13,114.461,115.611,,,,,,,,,,,,,,,,,,,,
13,AA11,IOB_X0Y81,IO_L9N_T1_DQS_13,112.496,113.626,,,,,,,,,,,,,,,,,,,,
13,V14,IOB_X0Y73,IO_L13N_T2_MRCC_13,100.710,101.722,,,,,,,,,,,,,,,,,,,,
13,U15,IOB_X0Y72,IO_L14P_T2_SRCC_13,81.769,82.591,,,,,,,,,,,,,,,,,,,,
13,V15,IOB_X0Y71,IO_L14N_T2_SRCC_13,81.741,82.562,,,,,,,,,,,,,,,,,,,,
13,T14,IOB_X0Y70,IO_L15P_T2_DQS_13,103.969,105.013,,,,,,,,,,,,,,,,,,,,
13,T15,IOB_X0Y69,IO_L15N_T2_DQS_13,99.322,100.320,,,,,,,,,,,,,,,,,,,,
13,W15,IOB_X0Y68,IO_L16P_T2_13,65.829,66.490,,,,,,,,,,,,,,,,,,,,
13,W16,IOB_X0Y67,IO_L16N_T2_13,71.263,71.979,,,,,,,,,,,,,,,,,,,,
13,T16,IOB_X0Y66,IO_L17P_T2_13,65.820,66.482,,,,,,,,,,,,,,,,,,,,
13,U16,IOB_X0Y65,IO_L17N_T2_13,67.830,68.512,,,,,,,,,,,,,,,,,,,,
13,Y10,,VCCO_13,,,,,,,,,,,,,,,,,,,,,VCCO_13,2.50
13,W13,,VCCO_13,,,,,,,,,,,,,,,,,,,,,VCCO_13,2.50
13,V16,,VCCO_13,,,,,,,,,,,,,,,,,,,,,VCCO_13,2.50
13,AB14,,VCCO_13,,,,,,,,,,,,,,,,,,,,,VCCO_13,2.50
13,AA17,,VCCO_13,,,,,,,,,,,,,,,,,,,,,VCCO_13,2.50
14,U22,IOB_X0Y144,IO_L3P_T0_DQS_PUDC_B_14,94.509,95.459,,,,,,,,,,,,,,,,,,,,
14,T21,IOB_X0Y142,IO_L4P_T0_D04_14,91.573,92.494,,,,,,,,,,,,,,,,,,,,
14,P19,IOB_X0Y140,IO_L5P_T0_D06_14,68.639,69.329,,,,,,,,,,,,,,,,,,,,
14,R19,IOB_X0Y139,IO_L5N_T0_D07_14,77.270,78.047,,,,,,,,,,,,,,,,,,,,
14,T20,IOB_X0Y137,IO_L6N_T0_D08_VREF_14,87.349,88.227,,,,,,,,,,,,,,,,,,,,
14,AA20,IOB_X0Y134,IO_L8P_T1_D11_14,113.080,114.216,,,,,,,,,,,,,,,,,,,,
14,AA21,IOB_X0Y133,IO_L8N_T1_D12_14,110.309,111.417,,,,,,,,,,,,,,,,,,,,
14,Y21,IOB_X0Y132,IO_L9P_T1_DQS_14,103.773,104.815,,,,,,,,,,,,,,,,,,,,
14,AB21,IOB_X0Y130,IO_L10P_T1_D14_14,111.592,112.714,,,,,,,,,,,,,,,,,,,,
14,AB22,IOB_X0Y129,IO_L10N_T1_D15_14,117.629,118.811,,,,,,,,,,,,,,,,,,,,
14,U20,IOB_X0Y128,IO_L11P_T1_SRCC_14,93.135,94.071,,,,,,,,,,,,,,,,,,,,
14,V20,IOB_X0Y127,IO_L11N_T1_SRCC_14,91.893,92.817,,,,,,,,,,,,,,,,,,,,
14,W19,IOB_X0Y126,IO_L12P_T1_MRCC_14,96.435,97.404,,,,,,,,,,,,,,,,,,,,
14,W20,IOB_X0Y125,IO_L12N_T1_MRCC_14,99.051,100.046,,,,,,,,,,,,,,,,,,,,
14,Y18,IOB_X0Y124,IO_L13P_T2_MRCC_14,107.357,108.435,,,,,,,,,,,,,,,,,,,,
14,Y19,IOB_X0Y123,IO_L13N_T2_MRCC_14,108.519,109.609,,,,,,,,,,,,,,,,,,,,
14,V19,IOB_X0Y121,IO_L14N_T2_SRCC_14,94.540,95.490,,,,,,,,,,,,,,,,,,,,
14,AB20,IOB_X0Y119,IO_L15N_T2_DQS_DOUT_CSO_B_14,105.646,106.708,,,,,,,,,,,,,,,,,,,,
14,V17,IOB_X0Y118,IO_L16P_T2_CSI_B_14,96.997,97.972,,,,,,,,,,,,,,,,,,,,
14,W17,IOB_X0Y117,IO_L16N_T2_A15_D31_14,87.703,88.584,,,,,,,,,,,,,,,,,,,,
14,AA18,IOB_X0Y116,IO_L17P_T2_A14_D30_14,111.037,112.153,,,,,,,,,,,,,,,,,,,,
14,AB18,IOB_X0Y115,IO_L17N_T2_A13_D29_14,109.223,110.321,,,,,,,,,,,,,,,,,,,,
14,U17,IOB_X0Y114,IO_L18P_T2_A12_D28_14,89.311,90.208,,,,,,,,,,,,,,,,,,,,
14,U18,IOB_X0Y113,IO_L18N_T2_A11_D27_14,87.215,88.091,,,,,,,,,,,,,,,,,,,,
14,P14,IOB_X0Y112,IO_L19P_T3_A10_D26_14,50.746,51.256,,,,,,,,,,,,,,,,,,,,
14,R14,IOB_X0Y111,IO_L19N_T3_A09_D25_VREF_14,65.185,65.840,,,,,,,,,,,,,,,,,,,,
14,R18,IOB_X0Y110,IO_L20P_T3_A08_D24_14,60.444,61.052,,,,,,,,,,,,,,,,,,,,
14,T18,IOB_X0Y109,IO_L20N_T3_A07_D23_14,61.025,61.638,,,,,,,,,,,,,,,,,,,,
14,N17,IOB_X0Y108,IO_L21P_T3_DQS_14,49.382,49.878,,,,,,,,,,,,,,,,,,,,
14,P17,IOB_X0Y107,IO_L21N_T3_DQS_A06_D22_14,51.576,52.095,,,,,,,,,,,,,,,,,,,,
14,P15,IOB_X0Y106,IO_L22P_T3_A05_D21_14,39.308,39.704,,,,,,,,,,,,,,,,,,,,
14,R16,IOB_X0Y105,IO_L22N_T3_A04_D20_14,54.874,55.426,,,,,,,,,,,,,,,,,,,,
14,N13,IOB_X0Y104,IO_L23P_T3_A03_D19_14,54.989,55.542,,,,,,,,,,,,,,,,,,,,
14,N14,IOB_X0Y103,IO_L23N_T3_A02_D18_14,52.032,52.555,,,,,,,,,,,,,,,,,,,,
14,P16,IOB_X0Y102,IO_L24P_T3_A01_D17_14,58.380,58.967,,,,,,,,,,,,,,,,,,,,
14,R17,IOB_X0Y101,IO_L24N_T3_A00_D16_14,47.985,48.468,,,,,,,,,,,,,,,,,,,,
14,N15,IOB_X0Y100,IO_25_14,41.864,42.285,,,,,,,,,,,,,,,,,,,,
14,Y20,,VCCO_14,,,,,,,,,,,,,,,,,,,,,VCCO_14,3.30
14,U19,,VCCO_14,,,,,,,,,,,,,,,,,,,,,VCCO_14,3.30
14,T22,,VCCO_14,,,,,,,,,,,,,,,,,,,,,VCCO_14,3.30
14,R15,,VCCO_14,,,,,,,,,,,,,,,,,,,,,VCCO_14,3.30
14,P18,,VCCO_14,,,,,,,,,,,,,,,,,,,,,VCCO_14,3.30
14,M14,,VCCO_14,,,,,,,,,,,,,,,,,,,,,VCCO_14,3.30
15,J16,IOB_X0Y199,IO_0_15,40.612,41.020,,,,,,,,,,,,,,,,,,,,
15,H13,IOB_X0Y198,IO_L1P_T0_AD0P_15,59.088,59.681,,,,,,,,,,,,,,,,,,,,
15,G13,IOB_X0Y197,IO_L1N_T0_AD0N_15,57.707,58.287,,,,,,,,,,,,,,,,,,,,
15,G15,IOB_X0Y196,IO_L2P_T0_AD8P_15,45.828,46.289,,,,,,,,,,,,,,,,,,,,
15,G16,IOB_X0Y195,IO_L2N_T0_AD8N_15,34.804,35.154,,,,,,,,,,,,,,,,,,,,
15,J14,IOB_X0Y194,IO_L3P_T0_DQS_AD1P_15,63.305,63.941,,,,,,,,,,,,,,,,,,,,
15,H14,IOB_X0Y193,IO_L3N_T0_DQS_AD1N_15,60.977,61.589,,,,,,,,,,,,,,,,,,,,
15,G17,IOB_X0Y192,IO_L4P_T0_15,33.533,33.870,,,,,,,,,,,,,,,,,,,,
15,G18,IOB_X0Y191,IO_L4N_T0_15,40.130,40.533,,,,,,,,,,,,,,,,,,,,
15,J15,IOB_X0Y190,IO_L5P_T0_AD9P_15,50.009,50.512,,,,,,,,,,,,,,,,,,,,
15,H15,IOB_X0Y189,IO_L5N_T0_AD9N_15,36.633,37.001,,,,,,,,,,,,,,,,,,,,
15,H17,IOB_X0Y188,IO_L6P_T0_15,35.264,35.619,,,,,,,,,,,,,,,,,,,,
15,H18,IOB_X0Y187,IO_L6N_T0_VREF_15,30.166,30.469,,,,,,,,,,,,,,,,,,,,
15,J22,IOB_X0Y186,IO_L7P_T1_AD2P_15,61.098,61.713,,,,,,,,,,,,,,,,,,,,
15,H22,IOB_X0Y185,IO_L7N_T1_AD2N_15,57.322,57.898,,,,,,,,,,,,,,,,,,,,
15,H20,IOB_X0Y184,IO_L8P_T1_AD10P_15,40.935,41.346,,,,,,,,,,,,,,,,,,,,
15,G20,IOB_X0Y183,IO_L8N_T1_AD10N_15,48.699,49.188,,,,,,,,,,,,,,,,,,,,
15,K21,IOB_X0Y182,IO_L9P_T1_DQS_AD3P_15,62.180,62.805,,,,,,,,,,,,,,,,,,,,
15,K22,IOB_X0Y181,IO_L9N_T1_DQS_AD3N_15,66.767,67.438,,,,,,,,,,,,,,,,,,,,
15,M21,IOB_X0Y180,IO_L10P_T1_AD11P_15,65.530,66.188,,,,,,,,,,,,,,,,,,,,
15,L21,IOB_X0Y179,IO_L10N_T1_AD11N_15,62.054,62.678,,,,,,,,,,,,,,,,,,,,
15,J20,IOB_X0Y178,IO_L11P_T1_SRCC_15,46.702,47.171,,,,,,,,,,,,,,,,,,,,
15,J21,IOB_X0Y177,IO_L11N_T1_SRCC_15,50.008,50.511,,,,,,,,,,,,,,,,,,,,
15,J19,IOB_X0Y176,IO_L12P_T1_MRCC_15,37.710,38.089,,,,,,,,,,,,,,,,,,,,
15,H19,IOB_X0Y175,IO_L12N_T1_MRCC_15,41.681,42.099,,,,,,,,,,,,,,,,,,,,
15,K18,IOB_X0Y174,IO_L13P_T2_MRCC_15,46.952,47.423,,,,,,,,,,,,,,,,,,,,
15,K19,IOB_X0Y173,IO_L13N_T2_MRCC_15,43.396,43.832,,,,,,,,,,,,,,,,,,,,
15,L19,IOB_X0Y172,IO_L14P_T2_SRCC_15,49.416,49.913,,,,,,,,,,,,,,,,,,,,
15,L20,IOB_X0Y171,IO_L14N_T2_SRCC_15,48.521,49.008,,,,,,,,,,,,,,,,,,,,
15,N22,IOB_X0Y170,IO_L15P_T2_DQS_15,73.130,73.865,,,,,,,,,,,,,,,,,,,,
15,M22,IOB_X0Y169,IO_L15N_T2_DQS_ADV_B_15,69.968,70.671,,,,,,,,,,,,,,,,,,,,
15,M18,IOB_X0Y168,IO_L16P_T2_A28_15,55.134,55.688,,,,,,,,,,,,,,,,,,,,
15,L18,IOB_X0Y167,IO_L16N_T2_A27_15,40.174,40.577,,,,,,,,,,,,,,,,,,,,
15,N18,IOB_X0Y166,IO_L17P_T2_A26_15,53.966,54.508,,,,,,,,,,,,,,,,,,,,
15,N19,IOB_X0Y165,IO_L17N_T2_A25_15,50.684,51.193,,,,,,,,,,,,,,,,,,,,
15,N20,IOB_X0Y164,IO_L18P_T2_A24_15,65.674,66.334,,,,,,,,,,,,,,,,,,,,
15,M20,IOB_X0Y163,IO_L18N_T2_A23_15,57.306,57.882,,,,,,,,,,,,,,,,,,,,
15,K13,IOB_X0Y162,IO_L19P_T3_A22_15,58.175,58.760,,,,,,,,,,,,,,,,,,,,
15,K14,IOB_X0Y161,IO_L19N_T3_A21_VREF_15,54.896,55.448,,,,,,,,,,,,,,,,,,,,
15,M13,IOB_X0Y160,IO_L20P_T3_A20_15,62.693,63.323,,,,,,,,,,,,,,,,,,,,
15,L13,IOB_X0Y159,IO_L20N_T3_A19_15,63.064,63.698,,,,,,,,,,,,,,,,,,,,
15,K17,IOB_X0Y158,IO_L21P_T3_DQS_15,28.128,28.411,,,,,,,,,,,,,,,,,,,,
15,J17,IOB_X0Y157,IO_L21N_T3_DQS_A18_15,31.165,31.478,,,,,,,,,,,,,,,,,,,,
15,L14,IOB_X0Y156,IO_L22P_T3_A17_15,53.259,53.794,,,,,,,,,,,,,,,,,,,,
15,L15,IOB_X0Y155,IO_L22N_T3_A16_15,50.359,50.865,,,,,,,,,,,,,,,,,,,,
15,L16,IOB_X0Y154,IO_L23P_T3_FOE_B_15,38.411,38.797,,,,,,,,,,,,,,,,,,,,
15,K16,IOB_X0Y153,IO_L23N_T3_FWE_B_15,35.504,35.861,,,,,,,,,,,,,,,,,,,,
15,M15,IOB_X0Y152,IO_L24P_T3_RS1_15,45.613,46.071,,,,,,,,,,,,,,,,,,,,
15,M16,IOB_X0Y151,IO_L24N_T3_RS0_15,48.016,48.498,,,,,,,,,,,,,,,,,,,,
15,M17,IOB_X0Y150,IO_25_15,43.885,44.326,,,,,,,,,,,,,,,,,,,,
15,N21,,VCCO_15,,,,,,,,,,,,,,,,,,,,,VCCO_15,
15,L17,,VCCO_15,,,,,,,,,,,,,,,,,,,,,VCCO_15,
15,K20,,VCCO_15,,,,,,,,,,,,,,,,,,,,,VCCO_15,
15,J13,,VCCO_15,,,,,,,,,,,,,,,,,,,,,VCCO_15,
15,H16,,VCCO_15,,,,,,,,,,,,,,,,,,,,,VCCO_15,
15,G19,,VCCO_15,,,,,,,,,,,,,,,,,,,,,VCCO_15,
16,F15,IOB_X0Y249,IO_0_16,54.961,55.513,,,,,,,,,,,,,,,,,,,,
16,F13,IOB_X0Y248,IO_L1P_T0_16,66.881,67.553,,,,,,,,,,,,,,,,,,,,
16,F14,IOB_X0Y247,IO_L1N_T0_16,60.165,60.770,,,,,,,,,,,,,,,,,,,,
16,F16,IOB_X0Y246,IO_L2P_T0_16,45.033,45.485,,,,,,,,,,,,,,,,,,,,
16,E17,IOB_X0Y245,IO_L2N_T0_16,46.262,46.727,,,,,,,,,,,,,,,,,,,,
16,C14,IOB_X0Y244,IO_L3P_T0_DQS_16,53.066,53.599,,,,,,,,,,,,,,,,,,,,
16,C15,IOB_X0Y243,IO_L3N_T0_DQS_16,48.277,48.763,,,,,,,,,,,,,,,,,,,,
16,E13,IOB_X0Y242,IO_L4P_T0_16,78.303,79.090,,,,,,,,,,,,,,,,,,,,
16,E14,IOB_X0Y241,IO_L4N_T0_16,73.454,74.193,,,,,,,,,,,,,,,,,,,,
16,E16,IOB_X0Y240,IO_L5P_T0_16,45.053,45.506,,,,,,,,,,,,,,,,,,,,
16,D16,IOB_X0Y239,IO_L5N_T0_16,48.452,48.939,,,,,,,,,,,,,,,,,,,,
16,D14,IOB_X0Y238,IO_L6P_T0_16,69.977,70.680,,,,,,,,,,,,,,,,,,,,
16,D15,IOB_X0Y237,IO_L6N_T0_VREF_16,77.416,78.194,,,,,,,,,,,,,,,,,,,,
16,B15,IOB_X0Y236,IO_L7P_T1_16,62.072,62.696,,,,,,,,,,,,,,,,,,,,
16,B16,IOB_X0Y235,IO_L7N_T1_16,63.356,63.992,,,,,,,,,,,,,,,,,,,,
16,C13,IOB_X0Y234,IO_L8P_T1_16,76.437,77.206,,,,,,,,,,,,,,,,,,,,
16,B13,IOB_X0Y233,IO_L8N_T1_16,84.372,85.220,,,,,,,,,,,,,,,,,,,,
16,A15,IOB_X0Y232,IO_L9P_T1_DQS_16,69.178,69.874,,,,,,,,,,,,,,,,,,,,
16,A16,IOB_X0Y231,IO_L9N_T1_DQS_16,68.507,69.196,,,,,,,,,,,,,,,,,,,,
16,A13,IOB_X0Y230,IO_L10P_T1_16,88.534,89.424,,,,,,,,,,,,,,,,,,,,
16,A14,IOB_X0Y229,IO_L10N_T1_16,88.636,89.527,,,,,,,,,,,,,,,,,,,,
16,B17,IOB_X0Y228,IO_L11P_T1_SRCC_16,59.063,59.656,,,,,,,,,,,,,,,,,,,,
16,B18,IOB_X0Y227,IO_L11N_T1_SRCC_16,60.319,60.925,,,,,,,,,,,,,,,,,,,,
16,D17,IOB_X0Y226,IO_L12P_T1_MRCC_16,80.471,81.280,,,,,,,,,,,,,,,,,,,,
16,C17,IOB_X0Y225,IO_L12N_T1_MRCC_16,78.042,78.826,,,,,,,,,,,,,,,,,,,,
16,C18,IOB_X0Y224,IO_L13P_T2_MRCC_16,66.641,67.311,,,,,,,,,,,,,,,,,,,,
16,C19,IOB_X0Y223,IO_L13N_T2_MRCC_16,64.244,64.890,,,,,,,,,,,,,,,,,,,,
16,E19,IOB_X0Y222,IO_L14P_T2_SRCC_16,50.835,51.346,,,,,,,,,,,,,,,,,,,,
16,D19,IOB_X0Y221,IO_L14N_T2_SRCC_16,51.520,52.038,,,,,,,,,,,,,,,,,,,,
16,F18,IOB_X0Y220,IO_L15P_T2_DQS_16,49.990,50.492,,,,,,,,,,,,,,,,,,,,
16,E18,IOB_X0Y219,IO_L15N_T2_DQS_16,47.654,48.133,,,,,,,,,,,,,,,,,,,,
16,B20,IOB_X0Y218,IO_L16P_T2_16,65.875,66.537,,,,,,,,,,,,,,,,,,,,
16,A20,IOB_X0Y217,IO_L16N_T2_16,69.913,70.615,,,,,,,,,,,,,,,,,,,,
16,A18,IOB_X0Y216,IO_L17P_T2_16,82.075,82.900,,,,,,,,,,,,,,,,,,,,
16,A19,IOB_X0Y215,IO_L17N_T2_16,71.904,72.627,,,,,,,,,,,,,,,,,,,,
16,F19,IOB_X0Y214,IO_L18P_T2_16,45.674,46.133,,,,,,,,,,,,,,,,,,,,
16,F20,IOB_X0Y213,IO_L18N_T2_16,45.878,46.339,,,,,,,,,,,,,,,,,,,,
16,D20,IOB_X0Y212,IO_L19P_T3_16,59.630,60.230,,,,,,,,,,,,,,,,,,,,
16,C20,IOB_X0Y211,IO_L19N_T3_VREF_16,59.257,59.852,,,,,,,,,,,,,,,,,,,,
16,C22,IOB_X0Y210,IO_L20P_T3_16,75.476,76.234,,,,,,,,,,,,,,,,,,,,
16,B22,IOB_X0Y209,IO_L20N_T3_16,76.747,77.519,,,,,,,,,,,,,,,,,,,,
16,B21,IOB_X0Y208,IO_L21P_T3_DQS_16,76.133,76.898,,,,,,,,,,,,,,,,,,,,
16,A21,IOB_X0Y207,IO_L21N_T3_DQS_16,78.645,79.436,,,,,,,,,,,,,,,,,,,,
16,D22,IOB_X0Y205,IO_L22N_T3_16,67.182,67.857,,,,,,,,,,,,,,,,,,,,
16,E21,IOB_X0Y204,IO_L23P_T3_16,57.897,58.479,,,,,,,,,,,,,,,,,,,,
16,D21,IOB_X0Y203,IO_L23N_T3_16,60.560,61.169,,,,,,,,,,,,,,,,,,,,
16,G21,IOB_X0Y202,IO_L24P_T3_16,54.460,55.007,,,,,,,,,,,,,,,,,,,,
16,G22,IOB_X0Y201,IO_L24N_T3_16,54.191,54.736,,,,,,,,,,,,,,,,,,,,
16,F21,IOB_X0Y200,IO_25_16,53.051,53.584,,,,,,,,,,,,,,,,,,,,
16,F22,,VCCO_16,,,,,,,,,,,,,,,,,,,,,VCCO_16,2.50
16,E15,,VCCO_16,,,,,,,,,,,,,,,,,,,,,VCCO_16,2.50
16,D18,,VCCO_16,,,,,,,,,,,,,,,,,,,,,VCCO_16,2.50
16,C21,,VCCO_16,,,,,,,,,,,,,,,,,,,,,VCCO_16,2.50
16,B14,,VCCO_16,,,,,,,,,,,,,,,,,,,,,VCCO_16,2.50
16,A17,,VCCO_16,,,,,,,,,,,,,,,,,,,,,VCCO_16,2.50
34,T3,IOB_X1Y149,IO_0_34,89.435,90.334,,,,,,,,,,,,,,,,,,,,
34,T1,IOB_X1Y148,IO_L1P_T0_34,79.682,80.483,,,,,,,,,,,,,,,,,,,,
34,U1,IOB_X1Y147,IO_L1N_T0_34,90.153,91.059,,,,,,,,,,,,,,,,,,,,
34,U2,IOB_X1Y146,IO_L2P_T0_34,88.511,89.400,,,,,,,,,,,,,,,,,,,,
34,V2,IOB_X1Y145,IO_L2N_T0_34,94.892,95.845,,,,,,,,,,,,,,,,,,,,
34,R3,IOB_X1Y144,IO_L3P_T0_DQS_34,76.752,77.523,,,,,,,,,,,,,,,,,,,,
34,R2,IOB_X1Y143,IO_L3N_T0_DQS_34,77.680,78.461,,,,,,,,,,,,,,,,,,,,
34,W2,IOB_X1Y142,IO_L4P_T0_34,98.148,99.134,,,,,,,,,,,,,,,,,,,,
34,Y2,IOB_X1Y141,IO_L4N_T0_34,104.537,105.587,,,,,,,,,,,,,,,,,,,,
34,W1,IOB_X1Y140,IO_L5P_T0_34,96.157,97.123,,,,,,,,,,,,,,,,,,,,
34,Y1,IOB_X1Y139,IO_L5N_T0_34,107.153,108.229,,,,,,,,,,,,,,,,,,,,
34,U3,IOB_X1Y138,IO_L6P_T0_34,78.849,79.642,,,,,,,,,,,,,,,,,,,,
34,V3,IOB_X1Y137,IO_L6N_T0_VREF_34,89.109,90.004,,,,,,,,,,,,,,,,,,,,
34,AA1,IOB_X1Y136,IO_L7P_T1_34,107.201,108.279,,,,,,,,,,,,,,,,,,,,
34,AB1,IOB_X1Y135,IO_L7N_T1_34,119.399,120.599,,,,,,,,,,,,,,,,,,,,
34,AB3,IOB_X1Y134,IO_L8P_T1_34,108.688,109.780,,,,,,,,,,,,,,,,,,,,
34,AB2,IOB_X1Y133,IO_L8N_T1_34,115.051,116.207,,,,,,,,,,,,,,,,,,,,
34,Y3,IOB_X1Y132,IO_L9P_T1_DQS_34,95.475,96.434,,,,,,,,,,,,,,,,,,,,
34,AA3,IOB_X1Y131,IO_L9N_T1_DQS_34,100.486,101.496,,,,,,,,,,,,,,,,,,,,
34,AA5,IOB_X1Y130,IO_L10P_T1_34,106.357,107.425,,,,,,,,,,,,,,,,,,,,
34,AB5,IOB_X1Y129,IO_L10N_T1_34,114.846,116.000,,,,,,,,,,,,,,,,,,,,
34,Y4,IOB_X1Y128,IO_L11P_T1_SRCC_34,96.278,97.245,,,,,,,,,,,,,,,,,,,,
34,AA4,IOB_X1Y127,IO_L11N_T1_SRCC_34,100.049,101.055,,,,,,,,,,,,,,,,,,,,
34,V4,IOB_X1Y126,IO_L12P_T1_MRCC_34,86.370,87.238,,,,,,,,,,,,,,,,,,,,
34,W4,IOB_X1Y125,IO_L12N_T1_MRCC_34,88.504,89.393,,,,,,,,,,,,,,,,,,,,
34,T4,IOB_X1Y123,IO_L13N_T2_MRCC_34,74.336,75.083,,,,,,,,,,,,,,,,,,,,
34,T5,IOB_X1Y122,IO_L14P_T2_SRCC_34,69.403,70.101,,,,,,,,,,,,,,,,,,,,
34,U5,IOB_X1Y121,IO_L14N_T2_SRCC_34,72.617,73.347,,,,,,,,,,,,,,,,,,,,
34,W6,IOB_X1Y120,IO_L15P_T2_DQS_34,89.479,90.378,,,,,,,,,,,,,,,,,,,,
34,W5,IOB_X1Y119,IO_L15N_T2_DQS_34,90.085,90.990,,,,,,,,,,,,,,,,,,,,
34,U6,IOB_X1Y118,IO_L16P_T2_34,77.003,77.777,,,,,,,,,,,,,,,,,,,,
34,V5,IOB_X1Y117,IO_L16N_T2_34,73.062,73.797,,,,,,,,,,,,,,,,,,,,
34,R6,IOB_X1Y116,IO_L17P_T2_34,67.240,67.916,,,,,,,,,,,,,,,,,,,,
34,T6,IOB_X1Y115,IO_L17N_T2_34,70.776,71.487,,,,,,,,,,,,,,,,,,,,
34,Y6,IOB_X1Y114,IO_L18P_T2_34,88.482,89.371,,,,,,,,,,,,,,,,,,,,
34,AA6,IOB_X1Y113,IO_L18N_T2_34,93.241,94.178,,,,,,,,,,,,,,,,,,,,
34,V7,IOB_X1Y112,IO_L19P_T3_34,109.289,110.387,,,,,,,,,,,,,,,,,,,,
34,W7,IOB_X1Y111,IO_L19N_T3_VREF_34,99.187,100.184,,,,,,,,,,,,,,,,,,,,
34,AB7,IOB_X1Y110,IO_L20P_T3_34,104.090,105.136,,,,,,,,,,,,,,,,,,,,
34,AB6,IOB_X1Y109,IO_L20N_T3_34,108.536,109.626,,,,,,,,,,,,,,,,,,,,
34,V9,IOB_X1Y108,IO_L21P_T3_DQS_34,113.518,114.658,,,,,,,,,,,,,,,,,,,,
34,V8,IOB_X1Y107,IO_L21N_T3_DQS_34,112.402,113.532,,,,,,,,,,,,,,,,,,,,
34,AA8,IOB_X1Y106,IO_L22P_T3_34,95.226,96.183,,,,,,,,,,,,,,,,,,,,
34,AB8,IOB_X1Y105,IO_L22N_T3_34,98.417,99.406,,,,,,,,,,,,,,,,,,,,
34,Y8,IOB_X1Y104,IO_L23P_T3_34,98.898,99.892,,,,,,,,,,,,,,,,,,,,
34,Y7,IOB_X1Y103,IO_L23N_T3_34,86.383,87.251,,,,,,,,,,,,,,,,,,,,
34,W9,IOB_X1Y102,IO_L24P_T3_34,92.043,92.968,,,,,,,,,,,,,,,,,,,,
34,Y9,IOB_X1Y101,IO_L24N_T3_34,93.556,94.496,,,,,,,,,,,,,,,,,,,,
34,W3,,VCCO_34,,,,,,,,,,,,,,,,,,,,,VCCO_34,3.30
34,V6,,VCCO_34,,,,,,,,,,,,,,,,,,,,,VCCO_34,3.30
34,T2,,VCCO_34,,,,,,,,,,,,,,,,,,,,,VCCO_34,3.30
34,R5,,VCCO_34,,,,,,,,,,,,,,,,,,,,,VCCO_34,3.30
34,AB4,,VCCO_34,,,,,,,,,,,,,,,,,,,,,VCCO_34,3.30
34,AA7,,VCCO_34,,,,,,,,,,,,,,,,,,,,,VCCO_34,3.30
35,F4,IOB_X1Y199,IO_0_35,42.546,42.974,,,,,,,,,,,,,,,,,,,,
35,N1,,VCCO_35,,,,,,,,,,,,,,,,,,,,,VCCO_35,1.50
35,M4,,VCCO_35,,,,,,,,,,,,,,,,,,,,,VCCO_35,1.50
35,J3,,VCCO_35,,,,,,,,,,,,,,,,,,,,,VCCO_35,1.50
35,H6,,VCCO_35,,,,,,,,,,,,,,,,,,,,,VCCO_35,1.50
35,F2,,VCCO_35,,,,,,,,,,,,,,,,,,,,,VCCO_35,1.50
35,C1,,VCCO_35,,,,,,,,,,,,,,,,,,,,,VCCO_35,1.50
216,D7,OPAD_X0Y15,MGTPTXP3_216,61.986,62.609,,,,,,,,,,,,,,,,,,,,
216,D9,IPAD_X1Y61,MGTPRXP3_216,63.315,63.951,,,,,,,,,,,,,,,,,,,,
216,C7,OPAD_X0Y14,MGTPTXN3_216,62.034,62.657,,,,,,,,,,,,,,,,,,,,
216,C9,IPAD_X1Y60,MGTPRXN3_216,61.968,62.590,,,,,,,,,,,,,,,,,,,,
216,B6,OPAD_X0Y13,MGTPTXP2_216,79.699,80.500,,,,,,,,,,,,,,,,,,,,
216,B10,IPAD_X1Y55,MGTPRXP2_216,56.526,57.094,,,,,,,,,,,,,,,,,,,,
216,A6,OPAD_X0Y12,MGTPTXN2_216,79.523,80.322,,,,,,,,,,,,,,,,,,,,
216,A10,IPAD_X1Y54,MGTPRXN2_216,57.021,57.594,,,,,,,,,,,,,,,,,,,,
216,E6,IPAD_X1Y45,MGTREFCLK0N_216,70.298,71.004,,,,,,,,,,,,,,,,,,,,
216,F6,IPAD_X1Y44,MGTREFCLK0P_216,68.556,69.245,,,,,,,,,,,,,,,,,,,,
216,F10,IPAD_X1Y46,MGTREFCLK1P_216,43.678,44.117,,,,,,,,,,,,,,,,,,,,
216,E10,IPAD_X1Y47,MGTREFCLK1N_216,43.048,43.481,,,,,,,,,,,,,,,,,,,,
216,D5,OPAD_X0Y11,MGTPTXP1_216,75.807,76.569,,,,,,,,,,,,,,,,,,,,
216,D11,IPAD_X1Y43,MGTPRXP1_216,42.216,42.641,,,,,,,,,,,,,,,,,,,,
216,C5,OPAD_X0Y10,MGTPTXN1_216,76.030,76.794,,,,,,,,,,,,,,,,,,,,
216,C11,IPAD_X1Y42,MGTPRXN1_216,42.031,42.454,,,,,,,,,,,,,,,,,,,,
216,B4,OPAD_X0Y9,MGTPTXP0_216,98.691,99.683,,,,,,,,,,,,,,,,,,,,
216,B8,IPAD_X1Y37,MGTPRXP0_216,87.908,88.792,,,,,,,,,,,,,,,,,,,,
216,A4,OPAD_X0Y8,MGTPTXN0_216,98.003,98.988,,,,,,,,,,,,,,,,,,,,
216,A8,IPAD_X1Y36,MGTPRXN0_216,87.705,88.587,,,,,,,,,,,,,,,,,,,,
216,F8,,MGTRREF_216,67.111,67.786,,,,,,,,,,,,,,,,,,,,
,F7,,MGTAVCC,,,,,,,,,,,,,,,,,,,,,,
,E8,,MGTAVCC,,,,,,,,,,,,,,,,,,,,,,
,F9,,MGTAVCC,,,,,,,,,,,,,,,,,,,,,,
,D10,,MGTAVCC,,,,,,,,,,,,,,,,,,,,,,
,D6,,MGTAVCC,,,,,,,,,,,,,,,,,,,,,,
,C4,,MGTAVTT,,,,,,,,,,,,,,,,,,,,,,
,B11,,MGTAVTT,,,,,,,,,,,,,,,,,,,,,,
,B9,,MGTAVTT,,,,,,,,,,,,,,,,,,,,,,
,C8,,MGTAVTT,,,,,,,,,,,,,,,,,,,,,,
,B7,,MGTAVTT,,,,,,,,,,,,,,,,,,,,,,
,B5,,MGTAVTT,,,,,,,,,,,,,,,,,,,,,,
,W18,,GND,,,,,,,,,,,,,,,,,,,,,GND,GND
,V21,,GND,,,,,,,,,,,,,,,,,,,,,GND,GND
,V11,,GND,,,,,,,,,,,,,,,,,,,,,GND,GND
,V1,,GND,,,,,,,,,,,,,,,,,,,,,GND,GND
,U14,,GND,,,,,,,,,,,,,,,,,,,,,GND,GND
,Y15,,GND,,,,,,,,,,,,,,,,,,,,,GND,GND
,Y5,,GND,,,,,,,,,,,,,,,,,,,,,GND,GND
,W8,,GND,,,,,,,,,,,,,,,,,,,,,GND,GND
,T17,,GND,,,,,,,,,,,,,,,,,,,,,GND,GND
,U4,,GND,,,,,,,,,,,,,,,,,,,,,GND,GND
,T11,,GND,,,,,,,,,,,,,,,,,,,,,GND,GND
,T7,,GND,,,,,,,,,,,,,,,,,,,,,GND,GND
,T9,,GND,,,,,,,,,,,,,,,,,,,,,GND,GND
,R10,,GND,,,,,,,,,,,,,,,,,,,,,GND,GND
,R20,,GND,,,,,,,,,,,,,,,,,,,,,GND,GND
,R12,,GND,,,,,,,,,,,,,,,,,,,,,GND,GND
,P9,,GND,,,,,,,,,,,,,,,,,,,,,GND,GND
,P7,,GND,,,,,,,,,,,,,,,,,,,,,GND,GND
,R8,,GND,,,,,,,,,,,,,,,,,,,,,GND,GND
,P13,,GND,,,,,,,,,,,,,,,,,,,,,GND,GND
,P11,,GND,,,,,,,,,,,,,,,,,,,,,GND,GND
,N8,,GND,,,,,,,,,,,,,,,,,,,,,GND,GND
,N6,,GND,,,,,,,,,,,,,,,,,,,,,GND,GND
,P3,,GND,,,,,,,,,,,,,,,,,,,,,GND,GND
,N16,,GND,,,,,,,,,,,,,,,,,,,,,GND,GND
,L22,,GND,,,,,,,,,,,,,,,,,,,,,GND,GND
,L8,,GND,,,,,,,,,,,,,,,,,,,,,GND,GND
,L2,,GND,,,,,,,,,,,,,,,,,,,,,GND,GND
,K15,,GND,,,,,,,,,,,,,,,,,,,,,GND,GND
,M11,,GND,,,,,,,,,,,,,,,,,,,,,GND,GND
,M7,,GND,,,,,,,,,,,,,,,,,,,,,GND,GND
,K5,,GND,,,,,,,,,,,,,,,,,,,,,GND,GND
,M19,,GND,,,,,,,,,,,,,,,,,,,,,GND,GND
,K11,,GND,,,,,,,,,,,,,,,,,,,,,GND,GND
,K7,,GND,,,,,,,,,,,,,,,,,,,,,GND,GND
,J8,,GND,,,,,,,,,,,,,,,,,,,,,GND,GND
,H21,,GND,,,,,,,,,,,,,,,,,,,,,GND,GND
,H11,,GND,,,,,,,,,,,,,,,,,,,,,GND,GND
,H9,,GND,,,,,,,,,,,,,,,,,,,,,GND,GND
,H7,,GND,,,,,,,,,,,,,,,,,,,,,GND,GND
,J18,,GND,,,,,,,,,,,,,,,,,,,,,GND,GND
,J12,,GND,,,,,,,,,,,,,,,,,,,,,GND,GND
,J10,,GND,,,,,,,,,,,,,,,,,,,,,GND,GND
,H1,,GND,,,,,,,,,,,,,,,,,,,,,GND,GND
,G10,,GND,,,,,,,,,,,,,,,,,,,,,GND,GND
,G9,,GND,,,,,,,,,,,,,,,,,,,,,GND,GND
,G14,,GND,,,,,,,,,,,,,,,,,,,,,GND,GND
,G12,,GND,,,,,,,,,,,,,,,,,,,,,GND,GND
,G5,,GND,,,,,,,,,,,,,,,,,,,,,GND,GND
,G8,,GND,,,,,,,,,,,,,,,,,,,,,GND,GND
,G7,,GND,,,,,,,,,,,,,,,,,,,,,GND,GND
,G6,,GND,,,,,,,,,,,,,,,,,,,,,GND,GND
,F5,,GND,,,,,,,,,,,,,,,,,,,,,GND,GND
,E20,,GND,,,,,,,,,,,,,,,,,,,,,GND,GND
,F17,,GND,,,,,,,,,,,,,,,,,,,,,GND,GND
,F11,,GND,,,,,,,,,,,,,,,,,,,,,GND,GND
,E11,,GND,,,,,,,,,,,,,,,,,,,,,GND,GND
,E7,,GND,,,,,,,,,,,,,,,,,,,,,GND,GND
,E9,,GND,,,,,,,,,,,,,,,,,,,,,GND,GND
,D13,,GND,,,,,,,,,,,,,,,,,,,,,GND,GND
,E5,,GND,,,,,,,,,,,,,,,,,,,,,GND,GND
,E4,,GND,,,,,,,,,,,,,,,,,,,,,GND,GND
,D8,,GND,,,,,,,,,,,,,,,,,,,,,GND,GND
,D4,,GND,,,,,,,,,,,,,,,,,,,,,GND,GND
,D12,,GND,,,,,,,,,,,,,,,,,,,,,GND,GND
,C12,,GND,,,,,,,,,,,,,,,,,,,,,GND,GND
,C10,,GND,,,,,,,,,,,,,,,,,,,,,GND,GND
,C6,,GND,,,,,,,,,,,,,,,,,,,,,GND,GND
,D3,,GND,,,,,,,,,,,,,,,,,,,,,GND,GND
,C16,,GND,,,,,,,,,,,,,,,,,,,,,GND,GND
,B3,,GND,,,,,,,,,,,,,,,,,,,,,GND,GND
,C3,,GND,,,,,,,,,,,,,,,,,,,,,GND,GND
,B19,,GND,,,,,,,,,,,,,,,,,,,,,GND,GND
,B12,,GND,,,,,,,,,,,,,,,,,,,,,GND,GND
,AA22,,GND,,,,,,,,,,,,,,,,,,,,,GND,GND
,AA12,,GND,,,,,,,,,,,,,,,,,,,,,GND,GND
,AB19,,GND,,,,,,,,,,,,,,,,,,,,,GND,GND
,AB9,,GND,,,,,,,,,,,,,,,,,,,,,GND,GND
,A22,,GND,,,,,,,,,,,,,,,,,,,,,GND,GND
,AA2,,GND,,,,,,,,,,,,,,,,,,,,,GND,GND
,A12,,GND,,,,,,,,,,,,,,,,,,,,,GND,GND
,A11,,GND,,,,,,,,,,,,,,,,,,,,,GND,GND
,A9,,GND,,,,,,,,,,,,,,,,,,,,,GND,GND
,A5,,GND,,,,,,,,,,,,,,,,,,,,,GND,GND
,A7,,GND,,,,,,,,,,,,,,,,,,,,,GND,GND
,A2,,GND,,,,,,,,,,,,,,,,,,,,,GND,GND
,A3,,GND,,,,,,,,,,,,,,,,,,,,,GND,GND
,T8,,VCCINT,,,,,,,,,,,,,,,,,,,,,,
,T10,,VCCINT,,,,,,,,,,,,,,,,,,,,,,
,R9,,VCCINT,,,,,,,,,,,,,,,,,,,,,,
,R7,,VCCINT,,,,,,,,,,,,,,,,,,,,,,
,P10,,VCCINT,,,,,,,,,,,,,,,,,,,,,,
,P8,,VCCINT,,,,,,,,,,,,,,,,,,,,,,
,N7,,VCCINT,,,,,,,,,,,,,,,,,,,,,,
,M8,,VCCINT,,,,,,,,,,,,,,,,,,,,,,
,K8,,VCCINT,,,,,,,,,,,,,,,,,,,,,,
,L7,,VCCINT,,,,,,,,,,,,,,,,,,,,,,
,J9,,VCCINT,,,,,,,,,,,,,,,,,,,,,,
,J7,,VCCINT,,,,,,,,,,,,,,,,,,,,,,
,H8,,VCCINT,,,,,,,,,,,,,,,,,,,,,,
,H10,,VCCINT,,,,,,,,,,,,,,,,,,,,,,
,R11,,VCCAUX,,,,,,,,,,,,,,,,,,,,,VCCAUX,1.80
,P12,,VCCAUX,,,,,,,,,,,,,,,,,,,,,VCCAUX,1.80
,M12,,VCCAUX,,,,,,,,,,,,,,,,,,,,,VCCAUX,1.80
,K12,,VCCAUX,,,,,,,,,,,,,,,,,,,,,VCCAUX,1.80
,H12,,VCCAUX,,,,,,,,,,,,,,,,,,,,,VCCAUX,1.80
,N11,,VCCBRAM,,,,,,,,,,,,,,,,,,,,,,
,L11,,VCCBRAM,,,,,,,,,,,,,,,,,,,,,,
,J11,,VCCBRAM,,,,,,,,,,,,,,,,,,,,,,
